r_star=0.12301521
ua=0.49174669
ub=0.01973361