T0 = 2449614.56266604
P = 1765.03890112150
e = 0.372689186681922
w = 0.40216798809216847
i = 2.524661767989413
r_planet = 0.01466338