T0 = 151.185
P = 59.8780538111
e = 0.00234100
w = 1.57082855
i = 1.56729791
r_planet = 4.0311e-04