r_star = 0.01078104
ua = 0.21488204
ub = 0.35137073