T0 = 330.2450
P = 282.5255
e = 0.41
w = 0.0600393263
i = 1.56782927
r_planet = 0.0005435