T0 = 662.55200
P = 4.43796
e = 0.010
w = 3.1765
i = 1.5623423
r_planet = 0.015823169971318119