T0 = 662.55200
P = 4.43796
e = 0.010
w = 0.0343701
i = 1.549154
r_planet = 0.01466338